0 15
0 33
0 51
0 60
2 21
2 28
2 44
5 13
5 18
5 33
5 36
5 40
5 64
5 8
9 10
10 10
10 42
11 10
11 17
11 31
11 34
11 42
12 10
12 5
12 61
15 13
15 18
15 64
15 8
17 21
18 11
18 13
18 14
18 15
18 28
25 10
25 12
25 14
25 16
25 18
25 20
25 23
25 32
25 34
25 45
25 61
28 12
28 15
28 19
28 23
28 27
28 37
28 40
28 42
28 7
32 10
32 13
33 10
33 13
34 10
34 13
34 28
34 36
34 39
34 5
34 51
35 24
38 27
38 37
38 40
38 42
40 45
41 61
48 10
48 32
48 34
48 45
48 61
51 11
51 14
51 18
51 22
51 26
51 37
51 40
51 42
51 7
54 0
55 0
55 19
55 22
55 26
56 10
56 20
56 24
57 10
57 12
57 28
57 36
57 39
57 5
57 51
58 15
61 11
61 18
61 21
61 25
61 37
61 40
61 42
63 45
64 61
71 54
71 56
71 6
72 0
73 0
74 13
74 19
74 25
74 31
74 37
74 43
74 49
74 59
74 62
74 64
78 10
79 10
80 10
80 47
80 50
80 58
80 61
81 10
84 13
84 19
84 25
84 31
84 37
84 43
84 59
84 62
84 64
86 6
87 11
87 13
87 15
87 17
87 19
87 21
87 23
87 25
87 27
87 29
87 31
87 33
87 35
87 37
87 39
87 41
87 42
87 44
87 45
94 10
94 20
94 22
94 34
94 35
94 36
94 52
94 6
97 11
97 15
97 25
97 28
97 30
97 57
97 60
97 64
102 10
103 10
103 16
103 24
103 27
103 42
103 55
103 58
104 12
107 11
107 15
107 25
107 28
107 30
109 34
109 35
109 36
109 6
110 52
117 50
117 52
117 63
120 11
120 15
120 19
120 25
120 29
120 34
120 40
120 44
120 55
120 58
120 60
120 7
123 26
124 37
124 40
124 44
125 38
125 42
126 46
126 5
126 54
126 57
127 12
127 16
130 15
130 19
130 25
130 29
130 34
130 39
130 43
130 55
130 58
130 60
132 63